# Sanitized FQX catalog positive-only Fox Fit deltas v0.1
# Format: weapon_hash|perk_hashes|new_PVE|bonus
# Only rules with a positive Favorite-derived signal are included. No negative inference from non-Favorite absence.
3851394887|3017780555,4293542123|98E|1
4248569242|1523832109,469285294|98E|1
2554513694|3993379141,2396489472|98E|1
2554513694|1164602481,2396489472|98E|1
1815105249|1749209109,2077819806|98E|1
243425374|1749209109,2077819806|98E|1
2480871539|1749209109,2077819806|98E|1
2480871539|1749209109,1089671869|98E|1
1763361847|3017780555,4293542123|98E|1
3618823368|3017780555,4293542123|98E|1
1085743380|1546637391,3913600130|98E|1
1685533876|3300816228,4293542123|98E|1
1685533876|3300816228,243981275|98E|1
2344383760|1749209109,3201496230|98E|1
1323862250|3300816228,2978966579|98E|1
1323862250|3300816228,2594592626|98E|1
2297554989|3300816228,2978966579|98E|1
2297554989|3300816228,2594592626|98E|1
2344383760|1749209109,1089671869|98E|1
1863583117|3017780555,4293542123|98E|1
1801007332|2890807135,4293542123|97E|1
1469372193|3017780555,4293542123|97E|1
1409524486|3017780555,4293542123|97E|1
3998080529|3017780555,4293542123|97E|1
1291040555|3017780555,4293542123|97E|1
580961571|3300816228,1427256713|97E|1
3125454907|3643424744,1427256713|97E|1
3125454907|3300816228,2594592626|97E|1
3125454907|3300816228,1427256713|97E|1
2914913838|3643424744,1427256713|97E|1
2914913838|3300816228,2594592626|97E|1
2914913838|3300816228,1427256713|97E|1
852069910|3643424744,1427256713|97E|1
852069910|3300816228,2594592626|97E|1
852069910|3300816228,1427256713|97E|1
568611923|3751912585,3194351027|97E|1
568611923|2396489472,3194351027|97E|1
2228325504|3751912585,3194351027|97E|1
2228325504|2396489472,3194351027|97E|1
3736001863|3751912585,3194351027|97E|1
3736001863|2396489472,3194351027|97E|1
938936806|1749209109,3324494224|97E|1
938936806|1749209109,2077819806|97E|1
1094998581|124408337,3824105627|96E|1
1704597062|124408337,3824105627|96E|1
1770490683|3700496672,2173046394|96E|1
1770490683|3700496672,3640170453|96E|1
1039915310|3700496672,2173046394|96E|1
1039915310|3700496672,3640170453|96E|1
3961462214|3700496672,2048641572|96E|1
3961462214|3700496672,3038247973|96E|1
3961462214|3700496672,1464081238|96E|1
334964261|3700496672,2048641572|96E|1
334964261|3700496672,3038247973|96E|1
334964261|3700496672,1464081238|96E|1
3647341740|3824105627,4293542123|96E|1
3066945855|3824105627,4293542123|96E|1
157601190|3700496672,2048641572|96E|1
157601190|3700496672,1134488199|96E|1
2150012406|3700496672,2048641572|96E|1
2150012406|3700496672,1134488199|96E|1
3538003989|3700496672,2048641572|96E|1
3538003989|3700496672,1134488199|96E|1
859869931|3017780555,4293542123|96E|1
859869931|3824105627,4293542123|96E|1
892183998|3017780555,4293542123|96E|1
892183998|3824105627,4293542123|96E|1
71057630|3700496672,2173046394|96E|1
2226158470|3824105627,2173046394|96E|1
1700366811|3824105627,2173046394|96E|1
1392919471|3017780555,4293542123|96E|1
1392919471|1523832109,4293542123|96E|1
1763361847|2360347339,4293542123|96E|1
3618823368|2360347339,4293542123|96E|1
358190158|3017780555,4293542123|96E|1
3293207827|3017780555,4293542123|96E|1
2965080304|3017780555,4293542123|96E|1
3946054154|3017780555,4293542123|96E|1
1361871430|3017780555,4293542123|96E|1
406384293|3017780555,4293542123|96E|1
3285784871|2869569095,2396489472|96E|1
1715391576|2869569095,2396489472|96E|1
1762785663|3108830275,2048641572|96E|1
1762785663|3108830275,243981275|96E|1
2452936816|3523296417,2396489472|96E|1
2452936816|3108830275,2048641572|96E|1
2452936816|3108830275,2396489472|97E|2
2452936816|3108830275,243981275|96E|1
2223968549|3300816228,2396489472|97E|2
2223968549|3300816228,3764420437|96E|1
2223968549|3300816228,2922950962|96E|1
3718184802|3300816228,2396489472|97E|2
3718184802|3300816228,3764420437|96E|1
3718184802|3300816228,2922950962|96E|1
1835232052|3300816228,3764420437|96E|1
1835232052|3300816228,2173046394|96E|1
1835232052|3300816228,654512643|96E|1
293709641|3643424744,1427256713|96E|1
1183116657|3643424744,1134488199|96E|1
2246386812|776531651,3108830275|96E|1
2246386812|1683379515,3108830275|96E|1
2246386812|3643424744,3201496230|96E|1
2246386812|3643424744,1782407750|96E|1
2246386812|3643424744,3108830275|97E|2
617566159|776531651,3108830275|96E|1
617566159|1683379515,3108830275|96E|1
617566159|3643424744,3201496230|96E|1
617566159|3643424744,1782407750|96E|1
617566159|3643424744,3108830275|97E|2
617566158|776531651,3108830275|96E|1
617566158|1683379515,3108830275|96E|1
617566158|3643424744,3201496230|96E|1
617566158|3643424744,1782407750|96E|1
617566158|3643424744,3108830275|97E|2
617566157|776531651,3108830275|96E|1
617566157|1683379515,3108830275|96E|1
617566157|3643424744,3201496230|96E|1
617566157|3643424744,1782407750|96E|1
617566157|3643424744,3108830275|97E|2
617566156|776531651,3108830275|96E|1
617566156|1683379515,3108830275|96E|1
617566156|3643424744,3201496230|96E|1
617566156|3643424744,1782407750|96E|1
617566156|3643424744,3108830275|97E|2
2298039571|3643424744,2978966579|96E|1
2298039571|3643424744,1782407750|96E|1
3997086838|3643424744,2978966579|96E|1
3997086838|3643424744,1782407750|96E|1
2201323795|3643424744,2978966579|96E|1
2201323795|3643424744,1782407750|96E|1
3922217119|3700496672,2048641572|96E|1
3922217119|3700496672,1134488199|96E|1
2697143634|3700496672,2048641572|96E|1
2697143634|3700496672,1134488199|96E|1
2662459958|1556840489,3891536761|96E|1
4049127142|3017780555,4293542123|96E|1
4049127142|2360347339,4293542123|96E|1
4049127142|1556840489,4293542123|96E|1
1886840007|3700496672,2048641572|96E|1
1303313141|3700496672,4198902903|96E|1
3462679024|3700496672,3640170453|96E|1
3462679024|3700496672,4198902903|96E|1
3661051060|957782887,968510818|96E|1
593808239|957782887,968510818|96E|1
1762785662|3751912585,3194351027|96E|1
2452936817|3751912585,3194351027|96E|1
4147428506|1354429876,2396489472|96E|1
2828278545|3108830275,3081867624|96E|1
2828278545|3108830275,2305480722|96E|1
2828278545|3108830275,3751912585|96E|1
407511664|3108830275,3081867624|96E|1
407511664|3108830275,2305480722|96E|1
407511664|3108830275,3751912585|96E|1
1120206506|3300816228,657025441|96E|1
1120206506|3300816228,3201496230|96E|1
1120206506|3300816228,557221067|96E|1
4230965989|1048183818,776531651|96E|1
3132669561|4293542123,2305480722|96E|1
3132669561|4293542123,2890807135|96E|1
642545454|4293542123,2305480722|96E|1
642545454|4293542123,2890807135|96E|1
2265407516|3643424744,1089671869|96E|1
2265407516|3643424744,1439600632|96E|1
3623686757|3643424744,1089671869|96E|1
3623686757|3643424744,1439600632|96E|1
1456017061|1749209109,3913600130|96E|1
1979417829|1749209109,2077819806|96E|1
1979417829|1749209109,3913600130|96E|1
393652859|2077819806,4293542123|96E|1
393652859|2890807135,4293542123|96E|1
2775462168|2077819806,4293542123|96E|1
2775462168|2890807135,4293542123|96E|1
3769072067|3017780555,4293542123|93E|1
613334176|3108830275,2396489472|93E|2
4038592169|3108830275,2396489472|93E|2
568611921|3108830275,2396489472|93E|2
2480074702|3108830275,2396489472|93E|2
3736001860|3108830275,2396489472|93E|2
3736001860|3108830275,2173046394|92E|1
2595497736|1631667848,3108830275|92E|1
2595497736|1556840489,3108830275|92E|1
2323544076|1048183818,776531651|92E|1
3805679279|968510818,3194351027|93E|2
3805679279|3300816228,3194351027|93E|2
1820994983|3017780555,4293542123|91E|1
1292594730|3017780555,4293542123|91E|1
2884908760|3017780555,4293542123|91E|1
2763843898|3824105627,3891536761|91E|1
2763843898|3700496672,3891536761|93E|3
2499720827|3824105627,3891536761|91E|1
2499720827|3700496672,3891536761|93E|3
2033531689|3824105627,3891536761|91E|1
2033531689|3700496672,3891536761|93E|3
2033531689|3700496672,1202584452|91E|1
810474118|3824105627,4293542123|91E|1
254636484|1556840489,1048183818|91E|1
2978226043|3643424744,1782407750|91E|1
2978226043|3643424744,3592538738|91E|1
268260372|968510818,3194351027|92E|2
268260372|968510818,3751912585|91E|1
268260372|3300816228,3194351027|92E|2
268260372|3300816228,3751912585|91E|1
35794111|1749209109,3913600130|91E|1
35794111|1749209109,1685431615|91E|1
1587953057|1749209109,3913600130|91E|1
1587953057|1749209109,1685431615|91E|1
3977827673|1749209109,3913600130|91E|1
3977827673|1749209109,1685431615|91E|1
247984830|509594246,3719974635|61E|1
911019136|3118144663,2662236651|65E|1
1041028435|509594246,3719974635|61E|1
2370525224|3060983774,4290541820|65E|1
2370525224|3422375969,4290541820|65E|1
4046741099|4116820839,509594246|61E|1
2263462407|3700496672,3038247973|91E|1
1685533876|3300816228,1546637391|92E|2
827835657|3643424744,3425386926|91E|1
1018012078|3643424744,3425386926|91E|1
1685533876|3300816228,3523296417|92E|2
1685533876|3300816228,3081867624|91E|1
1685533876|3017780555,4293542123|91E|1
1085743380|1749209109,3913600130|91E|1
4249949938|1866048759,3038247973|65E|1
14929251|1866048759,3038247973|65E|1
1622998472|3700496672,3038247973|90E|1
3245446311|3700496672,3038247973|90E|1
2993554824|3017780555,4293542123|90E|1
2993554824|3700496672,4293542123|90E|1
435821040|3017780555,4293542123|90E|1
2831259642|3017780555,4293542123|90E|1
2099894368|3700496672,3891536761|92E|3
1525080480|3700496672,3891536761|92E|3
2199554524|3700496672,3891536761|92E|3
767170345|3700496672,3891536761|92E|3
1058098236|3017780555,4293542123|90E|1
1058098236|3700496672,4293542123|90E|1
2191451996|3017780555,4293542123|90E|1
1197771438|3300816228,4049631843|90E|1
1197771438|3300816228,3592538738|90E|1
1197771438|3300816228,3523296417|91E|2
1197771438|1556840489,3592538738|90E|1
1197771438|1556840489,3523296417|90E|1
2534546147|1782407750,3108830275|90E|1
2534546147|4104185692,3108830275|90E|1
2534546147|3800201097,3108830275|90E|1
1466006054|1782407750,3108830275|90E|1
1466006054|4104185692,3108830275|90E|1
1466006054|3800201097,3108830275|90E|1
1517780158|3300816228,2679249093|90E|1
1517780158|3300816228,2360754333|91E|2
1517780158|3300816228,3751912585|90E|1
318443586|3300816228,2360754333|91E|2
2883484461|3300816228,3751912585|90E|1
2883484461|3300816228,2360754333|91E|2
2883484461|3643424744,3751912585|90E|1
2883484461|3643424744,2360754333|90E|1
3865728990|3400784728,2896038713|90E|1
3865728990|1556840489,2896038713|90E|1
3865728990|3700496672,1134488199|90E|1
3865728990|3700496672,2896038713|90E|1
2990047042|3978468247,469285294|90E|1
2990047042|1523832109,469285294|90E|1
3612338554|3978468247,469285294|90E|1
3612338554|1523832109,469285294|90E|1
570866107|3978468247,469285294|90E|1
570866107|1523832109,469285294|90E|1
2731922624|1523832109,469285294|90E|1
2198166292|3017780555,4293542123|90E|1
2198166292|2869569095,4293542123|90E|1
2198166292|691659142,4293542123|90E|1
548958835|3700496672,4293542123|90E|1
548958835|3700496672,3523296417|90E|1
548958835|3700496672,1683379515|90E|1
548958835|1048183818,4293542123|90E|1
2827764482|3700496672,2173046394|90E|1
2827764482|1048183818,2173046394|90E|1
2738601016|968510818,3194351027|91E|2
2738601016|968510818,2396489472|90E|1
874623537|968510818,3194351027|91E|2
874623537|968510818,2396489472|90E|1
3805679279|968510818,2396489472|90E|1
1911060537|3400784728,2896038713|90E|1
1911060537|3400784728,1771339417|90E|1
1716620044|3643424744,3523296417|90E|1
1313528549|1749209109,2396489472|90E|1
3847137620|1749209109,2396489472|90E|1
4089030727|1749209109,1089671869|90E|1
4089030727|1749209109,3913600130|90E|1
4089030727|1749209109,2396489472|90E|1
2139640995|1749209109,2396489472|90E|1
944708986|3324494224,3913600130|90E|1
944708986|3324494224,2396489472|90E|1
944708986|1749209109,1089671869|90E|1
944708986|1749209109,3913600130|90E|1
944708986|1749209109,2396489472|90E|1
4249949938|1866048759,3201496230|90E|1
14929251|1866048759,3201496230|90E|1
3332538050|3700496672,3891536761|91E|3
3332538050|3700496672,1202584452|89E|1
833898322|2890807135,4293542123|89E|1
833898322|3017780555,4293542123|89E|1
3782662983|2890807135,4293542123|89E|1
3782662983|3017780555,4293542123|89E|1
2187337757|4293542123,2890807135|89E|1
2187337757|4293542123,3425386926|89E|1
3326135421|4293542123,2890807135|89E|1
3326135421|4293542123,3824105627|89E|1
4206550094|4293542123,2890807135|89E|1
4206550094|4293542123,3824105627|89E|1
3638723317|3824105627,4293542123|89E|1
2263462407|3700496672,960997401|89E|1
3796682229|3700496672,3038247973|89E|1
3796682229|3700496672,3891536761|91E|3
59060498|3700496672,3038247973|89E|1
59060498|3700496672,3891536761|91E|3
2763843899|3017780555,4293542123|89E|1
3757612024|3017780555,4293542123|89E|1
2033531688|3824105627,4293542123|89E|1
2033531688|3017780555,4293542123|89E|1
4184168210|3891536761,3824105627|89E|1
4219826183|3891536761,3824105627|89E|1
2372514508|3891536761,3824105627|89E|1
2533990645|3891536761,3824105627|89E|1
52683113|3891536761,3824105627|89E|1
2631356658|3891536761,3824105627|89E|1
4277548087|3824105627,3891536761|89E|1
3103255595|3017780555,4293542123|89E|1
689294985|3017780555,4293542123|89E|1
3602242905|3017780555,4293542123|89E|1
3832743906|3700496672,3824105627|89E|1
2883684343|3700496672,3824105627|89E|1
772231794|3700496672,3824105627|89E|1
4074251943|3700496672,3824105627|89E|1
1453235079|3891536761,3824105627|89E|1
1453235079|3700496672,3824105627|89E|1
205225492|3891536761,3824105627|89E|1
205225492|3700496672,3824105627|89E|1
697459665|3891536761,3824105627|89E|1
697459665|3700496672,3824105627|89E|1
3444688218|4293542123,2890807135|89E|1
3444688218|4293542123,3824105627|89E|1
337578911|4293542123,2890807135|89E|1
337578911|4293542123,3824105627|89E|1
2639921391|3017780555,4293542123|89E|1
2639921391|3700496672,4293542123|89E|1
4228149269|3017780555,4293542123|89E|1
189194532|3017780555,4293542123|89E|1
4193602194|3017780555,4293542123|89E|1
1157220231|3017780555,4293542123|89E|1
3625452995|2890807135,4293542123|89E|1
3625452995|3017780555,4293542123|89E|1
3620277039|3700496672,3891536761|91E|3
3620277039|3700496672,3824105627|89E|1
1125217994|3108830275,3201496230|89E|1
2059741649|3108830275,3201496230|89E|1
233402416|3108830275,3201496230|89E|1
492673102|3108830275,3201496230|89E|1
3185151619|3108830275,3201496230|89E|1
2988180391|3108830275,3201496230|89E|1
2988180391|3108830275,2922950962|89E|1
2988180391|3108830275,113508675|89E|1
1206729100|3300816228,1134488199|89E|1
559523765|3300816228,1134488199|89E|1
2982006965|3300816228,1134488199|89E|1
2477408004|3300816228,1134488199|89E|1
408862798|3300816228,3764420437|89E|1
408862798|3300816228,1134488199|89E|1
2934305134|1523832109,4293542123|89E|1
2934305134|3017780555,4293542123|89E|1
3210739171|1523832109,4293542123|89E|1
3210739171|3017780555,4293542123|89E|1
1685406703|1523832109,4293542123|89E|1
1685406703|3017780555,4293542123|89E|1
1050582210|1523832109,4293542123|89E|1
1050582210|3017780555,4293542123|89E|1
4274165888|3640170453,4293542123|89E|1
4274165888|1523832109,4293542123|89E|1
4274165888|3017780555,4293542123|89E|1
1757202961|1556840489,4293542123|89E|1
2934305134|1556840489,4293542123|89E|1
3210739171|1556840489,4293542123|89E|1
1685406703|1556840489,4293542123|89E|1
1050582210|1556840489,4293542123|89E|1
846241149|3700496672,3038247973|89E|1
846241149|3700496672,654512643|89E|1
1106635211|3978468247,4293542123|89E|1
4118936670|3978468247,4293542123|89E|1
2386208942|3700496672,2396489472|89E|1
2386208942|3700496672,4198902903|89E|1
2386208942|1354429876,2396489472|89E|1
981450701|3700496672,2396489472|89E|1
981450701|3700496672,4198902903|89E|1
981450701|1354429876,2396489472|89E|1
1471212226|2890807135,4293542123|89E|1
1471212226|1523832109,4293542123|89E|1
1471212226|2869569095,4293542123|89E|1
3493494807|2890807135,4293542123|89E|1
3493494807|1523832109,4293542123|89E|1
3493494807|2869569095,4293542123|89E|1
4146673634|4293542123,3194351027|89E|1
713132408|243981275,3194351027|89E|1
2599338625|243981275,3194351027|89E|1
1399243961|3400784728,2896038713|89E|1
1399243961|3400784728,1771339417|89E|1
2475355656|3400784728,2896038713|89E|1
2475355656|3400784728,1771339417|89E|1
3267997292|3400784728,2896038713|89E|1
3267997292|3400784728,1771339417|89E|1
1321506184|3108830275,124408337|89E|1
1321506184|3108830275,2922950962|89E|1
1321506184|3108830275,2305480722|89E|1
3248429089|3108830275,124408337|89E|1
3248429089|3108830275,2922950962|89E|1
3248429089|3108830275,2305480722|89E|1
1484294659|2890807135,4293542123|89E|1
1484294659|1820235745,4293542123|89E|1
1484294659|2360347339,4293542123|89E|1
2770617440|2890807135,4293542123|89E|1
2770617440|1820235745,4293542123|89E|1
2770617440|2360347339,4293542123|89E|1
906840740|3300816228,557221067|89E|1
3444632029|3300816228,557221067|89E|1
3624844116|3300816228,557221067|89E|1
2759251821|3300816228,557221067|89E|1
3489054606|4293542123,2890807135|89E|1
3489054606|3300816228,2890807135|89E|1
3489054606|3300816228,557221067|89E|1
412265080|3643424744,113508675|89E|1
412265080|3643424744,1439600632|89E|1
1889005379|3643424744,113508675|89E|1
1889005379|3643424744,1439600632|89E|1
1851777734|2396489472,1439600632|89E|1
1692372662|3300816228,3764420437|89E|1
1692372662|3300816228,1089671869|89E|1
1692372662|3300816228,1439600632|89E|1
3960301269|3300816228,3764420437|89E|1
3960301269|3300816228,1089671869|89E|1
3960301269|3300816228,1439600632|89E|1
1090936013|3643424744,113508675|89E|1
1090936013|3643424744,1439600632|89E|1
3366545721|1749209109,1089671869|89E|1
3366545721|1749209109,3201496230|89E|1
3704653637|1749209109,3913600130|89E|1
2490460292|3425386926,3913600130|89E|1
2490460292|1749209109,3201496230|89E|1
2490460292|1749209109,3913600130|89E|1
2158575991|3425386926,3913600130|89E|1
2158575991|1749209109,3201496230|89E|1
2158575991|1749209109,3913600130|89E|1
3461043766|1749209109,3913600130|89E|1
3461043766|1749209109,2077819806|89E|1
2121132949|1749209109,3913600130|89E|1
2121132949|1749209109,2077819806|89E|1
2121132948|1749209109,3913600130|89E|1
2121132948|1749209109,2077819806|89E|1
2121132951|1749209109,3913600130|89E|1
2121132951|1749209109,2077819806|89E|1
2121132950|1749209109,3913600130|89E|1
2121132950|1749209109,2077819806|89E|1
3400256755|1749209109,3913600130|89E|1
3400256755|1749209109,3650930298|89E|1
396910433|1749209109,3913600130|89E|1
396910433|1749209109,3650930298|89E|1
1911078836|1749209109,3913600130|89E|1
1911078836|1749209109,3650930298|89E|1
601948197|1749209109,3913600130|89E|1
601948197|1749209109,3650930298|89E|1
3003492238|1749209109,3913600130|89E|1
3003492238|1749209109,3650930298|89E|1
1291270049|1749209109,3201496230|89E|1
1291270049|1749209109,1089671869|89E|1
1291270049|1749209109,2077819806|89E|1
2729232863|1749209109,1089671869|89E|1
2729232863|1749209109,654512643|89E|1
547165496|1749209109,3201496230|89E|1
547165496|1749209109,1089671869|89E|1
2712683313|1749209109,3201496230|89E|1
2712683313|1749209109,1089671869|89E|1
4221591387|1749209109,3201496230|89E|1
4221591387|1749209109,1089671869|89E|1
3054597646|1749209109,3201496230|89E|1
3054597646|1749209109,1089671869|89E|1
2599520828|1749209109,3201496230|89E|1
2599520828|1749209109,1089671869|89E|1
3794274730|1749209109,3913600130|89E|1
2344383760|1749209109,1685431615|89E|1
2575844666|1428297954,3938834702|64E|1
1460079227|1428297954,3938834702|64E|1
1905934655|1428297954,3938834702|64E|1
3421639790|1428297954,3938834702|64E|1
4239378215|1866048759,3201496230|89E|1
3692140710|1866048759,3201496230|89E|1
4239378215|1866048759,3038247973|64E|1
3692140710|1866048759,3038247973|64E|1
1206729100|3300816228,2048641572|89E|1
1206729100|3300816228,1556840489|89E|1
2982006965|3300816228,2048641572|89E|1
2982006965|3300816228,1556840489|89E|1
559523765|3300816228,2048641572|89E|1
559523765|3300816228,1556840489|89E|1
2477408004|3300816228,2048641572|89E|1
2477408004|3300816228,1556840489|89E|1
1206729100|3523296417,1546637391|64E|1
1206729100|3300816228,4104185692|64E|1
1206729100|3300816228,1546637391|65E|2
2982006965|3523296417,1546637391|64E|1
2982006965|3300816228,4104185692|64E|1
2982006965|3300816228,1546637391|65E|2
559523765|3523296417,1546637391|64E|1
559523765|3300816228,4104185692|64E|1
559523765|3300816228,1546637391|65E|2
2477408004|3523296417,1546637391|64E|1
2477408004|3300816228,4104185692|64E|1
2477408004|3300816228,1546637391|65E|2
51129316|968510818,3751912585|89E|1
2330860573|968510818,3751912585|89E|1
51129316|1428297954,47981717|64E|1
51129316|1428297954,2451262963|64E|1
2330860573|1428297954,47981717|64E|1
2330860573|1428297954,2451262963|64E|1
2059741649|3108830275,2396489472|90E|2
2059741649|3108830275,1089671869|89E|1
2059741649|1556840489,2396489472|89E|1
2059741649|3523296417,2396489472|89E|1
492673102|3108830275,2396489472|90E|2
492673102|3108830275,1089671869|89E|1
492673102|1556840489,2396489472|89E|1
492673102|3523296417,2396489472|89E|1
233402416|3108830275,2396489472|90E|2
233402416|3108830275,1089671869|89E|1
233402416|1556840489,2396489472|89E|1
233402416|3523296417,2396489472|89E|1
3185151619|3108830275,2396489472|90E|2
3185151619|3108830275,1089671869|89E|1
3185151619|1556840489,2396489472|89E|1
3185151619|3523296417,2396489472|89E|1
2059741649|3108830275,31345821|64E|1
2059741649|3108830275,11612903|64E|1
492673102|3108830275,31345821|64E|1
492673102|3108830275,11612903|64E|1
233402416|3108830275,31345821|64E|1
233402416|3108830275,11612903|64E|1
3185151619|3108830275,31345821|64E|1
3185151619|3108830275,11612903|64E|1
2934305134|1966281507,4293542123|89E|1
1685406703|1966281507,4293542123|89E|1
3210739171|1966281507,4293542123|89E|1
1050582210|1966281507,4293542123|89E|1
4228149269|3523296417,4293542123|89E|1
4193602194|3523296417,4293542123|89E|1
189194532|3523296417,4293542123|89E|1
1157220231|3523296417,4293542123|89E|1
291447487|1523832109,3194351027|89E|1
2760833884|1523832109,3194351027|89E|1
1817605554|1523832109,3194351027|89E|1
2126543269|1523832109,3194351027|89E|1
291447487|1428297954,3194351027|64E|1
291447487|1428297954,31345821|64E|1
291447487|1428297954,2978966579|64E|1
2760833884|1428297954,3194351027|64E|1
2760833884|1428297954,31345821|64E|1
2760833884|1428297954,2978966579|64E|1
1817605554|1428297954,3194351027|64E|1
1817605554|1428297954,31345821|64E|1
1817605554|1428297954,2978966579|64E|1
2126543269|1428297954,3194351027|64E|1
2126543269|1428297954,31345821|64E|1
2126543269|1428297954,2978966579|64E|1
1587953057|2590710093,2396489472|88E|1
1587953057|1749209109,3324494224|88E|1
1587953057|1749209109,2396489472|88E|1
1587953057|1749209109,4274614370|88E|1
1587953057|2590710093,1685431615|66E|1
1587953057|2030760728,1685431615|66E|1
1587953057|3705817207,1685431615|66E|1
1390080550|2779035018,124408337|86E|1
690341468|201365942,1546637391|86E|1
690341468|201365942,47981717|63E|1
342027677|2779035018,1546637391|86E|1
342027677|1556840489,1546637391|86E|1
3840794631|2010801679,3108830275|86E|1
3840794631|2779035018,3108830275|87E|2
3840794631|3987942396,3108830275|86E|1
4028298892|2010801679,3108830275|86E|1
4028298892|2779035018,3108830275|87E|2
4028298892|3987942396,3108830275|86E|1
2553380021|2010801679,3108830275|86E|1
2553380021|2779035018,3108830275|87E|2
2553380021|3987942396,3108830275|86E|1
704410186|2010801679,3108830275|86E|1
704410186|2779035018,3108830275|87E|2
704410186|3987942396,3108830275|86E|1
3840794631|4071163871,3108830275|63E|1
4028298892|4071163871,3108830275|63E|1
2553380021|4071163871,3108830275|63E|1
704410186|4071163871,3108830275|63E|1
4221591387|2590710093,1685431615|64E|1
4221591387|4274614370,1685431615|64E|1
547165496|2590710093,1685431615|64E|1
547165496|4274614370,1685431615|64E|1
2712683313|2590710093,1685431615|64E|1
2712683313|4274614370,1685431615|64E|1
3054597646|2590710093,1685431615|64E|1
3054597646|4274614370,1685431615|64E|1
615373993|3643424744,1427256713|86E|1
615373993|3643424744,4104185692|86E|1
615373993|3643424744,2396489472|86E|1
615373993|3400784728,2396489472|86E|1
615373993|2869569095,2396489472|86E|1
727781522|3643424744,1427256713|86E|1
727781522|3643424744,4104185692|86E|1
727781522|3643424744,2396489472|86E|1
727781522|3400784728,2396489472|86E|1
727781522|2869569095,2396489472|86E|1
4173311704|3643424744,1427256713|86E|1
4173311704|3643424744,4104185692|86E|1
4173311704|3643424744,2396489472|86E|1
4173311704|3400784728,2396489472|86E|1
4173311704|2869569095,2396489472|86E|1
282549639|3643424744,1427256713|86E|1
282549639|3643424744,4104185692|86E|1
282549639|3643424744,2396489472|86E|1
282549639|3400784728,2396489472|86E|1
282549639|2869569095,2396489472|86E|1
615373993|1866048759,1134488199|63E|1
615373993|1866048759,2652708987|63E|1
727781522|1866048759,1134488199|63E|1
727781522|1866048759,2652708987|63E|1
4173311704|1866048759,1134488199|63E|1
4173311704|1866048759,2652708987|63E|1
282549639|1866048759,1134488199|63E|1
282549639|1866048759,2652708987|63E|1
768610585|1866048759,557221067|63E|1
768610585|1866048759,365154968|63E|1
768610585|1866048759,31345821|63E|1
1757177186|1866048759,557221067|63E|1
1757177186|1866048759,365154968|63E|1
1757177186|1866048759,31345821|63E|1
2856225832|1866048759,557221067|63E|1
2856225832|1866048759,365154968|63E|1
2856225832|1866048759,31345821|63E|1
737409399|1866048759,557221067|63E|1
737409399|1866048759,365154968|63E|1
737409399|1866048759,31345821|63E|1
1834313033|1556840489,1799762209|86E|1
3228630258|1556840489,1799762209|86E|1
3953163559|1556840489,1799762209|86E|1
861521336|1556840489,1799762209|86E|1
3417731926|1866048759,951095735|64E|1
3417731926|1866048759,31345821|64E|1
2291392465|1866048759,951095735|64E|1
2291392465|1866048759,31345821|64E|1
3949253499|1866048759,951095735|64E|1
3949253499|1866048759,31345821|64E|1
1536325168|1866048759,951095735|64E|1
1536325168|1866048759,31345821|64E|1
2992463569|1866048759,31345821|63E|1
2903168058|1866048759,31345821|68E|1
2501377328|1866048759,31345821|63E|1
3734001727|1866048759,31345821|63E|1
3877448149|3643424744,365154968|86E|1
3877448149|3643424744,31345821|86E|1
3234363830|3643424744,365154968|86E|1
3234363830|3643424744,31345821|86E|1
4116546788|3643424744,365154968|86E|1
4116546788|3643424744,31345821|86E|1
302039451|3643424744,365154968|86E|1
302039451|3643424744,31345821|86E|1
3877448149|3938834702,3108830275|63E|1
3877448149|588594999,3108830275|63E|1
3877448149|3643424744,3108830275|63E|1
3234363830|3938834702,3108830275|63E|1
3234363830|588594999,3108830275|63E|1
3234363830|3643424744,3108830275|63E|1
4116546788|3938834702,3108830275|63E|1
4116546788|588594999,3108830275|63E|1
4116546788|3643424744,3108830275|63E|1
302039451|3938834702,3108830275|63E|1
302039451|588594999,3108830275|63E|1
302039451|3643424744,3108830275|63E|1
1968711238|1866048759,365154968|63E|1
1968711238|1866048759,557221067|63E|1
3844610113|3891536761,3824105627|65E|1
2362652544|3891536761,3824105627|65E|1
694500607|3978468247,2173046394|86E|1
851296754|3978468247,2173046394|86E|1
2265407516|3643424744,3194351027|86E|1
2265407516|3643424744,1546637391|86E|1
2265407516|3300816228,3194351027|87E|2
2265407516|3300816228,1546637391|87E|2
2265407516|4293542123,3194351027|86E|1
2265407516|4293542123,1546637391|86E|1
3623686757|3643424744,3194351027|86E|1
3623686757|3643424744,1546637391|86E|1
3623686757|3300816228,3194351027|87E|2
3623686757|3300816228,1546637391|87E|2
3623686757|4293542123,3194351027|86E|1
3623686757|4293542123,1546637391|86E|1
3218364298|1428297954,124408337|86E|1
267672635|951095735,3108830275|86E|1
267672635|1631667848,3108830275|86E|1
267672635|1556840489,2173046394|86E|1
267672635|1556840489,3108830275|86E|1
267672635|1556840489,3592538738|86E|1
694275488|1523832109,3194351027|86E|1
694275488|2869569095,1439600632|86E|1
32287609|1866048759,1890422124|63E|1
32287609|1866048759,3673922083|63E|1
32287609|1866048759,2416023159|63E|1
766323545|2779035018,758092021|83E|1
821154603|3142289711,3300816228|82E|1
821154603|3177308360,3300816228|82E|1
2782325300|1749209109,1685431615|82E|1
2708806099|1428297954,454085387|82E|1
432476743|2846385770,758092021|81E|1
3740842661|2396489472,1154004463|81E|1
3740842661|1546637391,1154004463|81E|1
2448907086|2396489472,3803457565|81E|1
4255586669|1546637391,3803457565|80E|1
3242168339|1546637391,384158423|80E|1
2742838700|3425386926,186337601|80E|1
2742838700|3425386926,384158423|80E|1
3356526253|3300816228,2697220197|80E|2
1046651176|3425386926,758092021|79E|1
20935540|1546637391,2697220197|79E|1
2957367743|972757866,3300816228|79E|1
304659313|1546637391,3803457565|79E|1
304659313|1546637391,1154004463|79E|1
310708513|957782887,758092021|79E|1
2272470786|706527188,758092021|79E|1
1289000550|1570042021,1427256713|79E|1
1289000550|1048183818,2209918983|79E|1
2171478765|3824105627,758092021|79E|1
2121785039|3425386926,384158423|79E|1
3075224551|1546637391,384158423|79E|1
47772649|1546637391,384158423|79E|1
3514096004|2846385770,384158423|79E|1
3745990145|3400784728,384158423|79E|1
3745990145|3400784728,2697220197|79E|1
2742490609|2846385770,384158423|79E|1
1835747805|2846385770,384158423|79E|1
1641430382|1546637391,758092021|79E|1
334171687|957782887,2697220197|79E|1
2852052802|3643424744,2896038713|79E|1
3489657138|3300816228,3927722942|79E|1
3489657138|3300816228,2396489472|80E|2
2821430069|2896038713,2697220197|79E|1
1019000888|1546637391,2697220197|79E|1
1019000888|3700496672,47981717|79E|1
2886171468|1820235745,3108830275|79E|1
2886171468|3551326236,758092021|79E|1
2342054803|3108830275,11612903|79E|1
2342054803|3108830275,4049631843|79E|1
2342054803|1048183818,2209918983|79E|1
1687353095|3551326236,2942552113|79E|1
2233545123|1556840489,2896038713|79E|1
2233545123|1556840489,957782887|79E|1
3870811754|3913600130,3486498337|79E|1
3870811754|3108830275,3486498337|79E|1
372697604|699525795,2846385770|63E|1
372697604|202670084,3142289711|63E|1
3355385170|3400784728,2896038713|79E|1
3355385170|1428297954,47981717|61E|1
3341893443|1428297954,11612903|79E|1
3341893443|1428297954,2846385770|79E|1
3341893443|1820235745,2896038713|79E|1
