# Sanitized FQX Favorite exact-roll score map v0.1
# Format: weapon_hash|perk_hashes|PVE|PVP
# Derived from private DIM evidence; contains no instance IDs, notes, loadout names, or kill counts.
8293111|1482024992,3142289711,1866048759,47981717|72E|65E
35794111|3666208348,269888150,1749209109,3913600130|82E|58E
45643573|2801223209,3827198035,201365942,124408337|75E|62E
65611680|445755706,3230963543,2779035018,1015611457|77E|66E
70083888|1482024992,3230963543,3978468247,2173046394|78E|67E
105306149|1392496348,1885400500,2387244414,365154968|81E|61E
108221785|1047830412,3142289711,1866048759,591790007|75E|70E
188882152|360593481,3142289711,2846385770,2213355989|74E|69E
211732170|839105230,1885400500,1870851715,557221067|81E|61E
217140611|1482024992,3177308360,1556840489,1546637391|79E|67E
232928045|2801223209,3429800428,3108830275,2209918983|77E|63E
235827225|1926090090,1087426260,247725512,124408337|74E|67E
254636484|2713678205,1431678320,1556840489,2209918983|78E|60E
267089201|1482024992,1087426260,1354429876,1546637391|74E|67E
268260372|1478423395,1380253176,3300816228,3194351027|83E|60E
297296830|1840239774,1968497646,3096702027,1048183818|76E|62E
318443586|1300023272,791862061,3300816228,4082225868|80E|67E
355922321|4090651448,3177308360,776531651,243981275|75E|62E
358788212|1840239774,3142289711,3828510309,460017080|74E|66E
378498222|839105230,1885400500,1820235745,4082225868|77E|68E
392008588|1392496348,3230963543,2387244414,831391274|78E|64E
412251536|839105230,3142289711,1164602481,4293542123|80E|60E
412251536|839105230,3142289711,3993379141,4293542123|80E|60E
432476743|1392496348,679225683,706527188,2846385770|76E|75P
432476743|839105230,1968497646,3643424744,3425386926|77E|69E
471518543|839105230,3230963543,1820235745,3824105627|81E|61E
495940989|3250034553,1431678320,3300816228,4293542123|82E|62E
499245245|1332244541,106909392,3978468247,2396489472|74E|67E
502356570|4090651448,3230963543,706527188,4293542123|82E|67E
540880995|839105230,3230963543,1359896290,2173046394|77E|64E
542573208|202670084,1885400500,1523832109,47981717|72E|61E
548958835|3250034553,732557052,2779035018,4293542123|82E|60E
570866107|1840239774,106909392,1523832109,1546637391|75E|67E
577528837|1392496348,106909392,2866798147,3108830275|73E|61E
613334176|981914802,2822142346,3108830275,2396489472|83E|62E
614426548|3666208348,269888150,2590710093,3913600130|80E|60E
616582330|1478423395,332133599,4293542123,1546637391|79E|59E
657927352|1478423395,2822142346,968510818,3751912585|78E|59E
676270382|1840239774,3142289711,1428297954,47981717|71E|70E
725408022|3525010810,3796465595,2010801679,3194351027|81E|60E
766323545|839105230,106909392,2010801679,2779035018|84P|67E
820890091|1392496348,3177308360,1428297954,1890422124|80E|60E
821154603|1840239774,3678323611,3300816228,3523296417|80E|65E
821154603|1840239774,4134353779,3300816228,3523296417|80E|65E
829330711|3250034553,106909392,2846385770,4082225868|80P|70P
838556752|1482024992,2420895100,3643424744,2679249093|80P|74P
867154247|1441682018,332133599,968510818,3194351027|80E|59E
871900124|4090651448,3142289711,706527188,957782887|75E|70E
912150785|1300023272,1087426260,957782887,4293542123|75E|67E
927567426|1392496348,3142289711,1428297954,4290541820|78E|64E
963710795|839105230,1483536627,1523832109,2978966579|80E|66E
999767358|3250034553,689005463,1354429876,2284787283|81E|65E
1016668089|1047830412,106909392,3300816228,2360754333|80E|67E
1058098236|839105230,3142289711,3017780555,555281244|76E|61E
1081724548|1392496348,1885400500,1354429876,365154968|80E|65E
1097616550|202670084,1087426260,3643424744,4104185692|80E|66E
1119734784|1467527085,106909392,2779035018,3425386926|81P|65E
1123421440|1482024992,1885400500,3619207468,4293542123|77E|68E
1139727256|1261178282,599007201,1749209109,4293542123|76E|57E
1139727256|436053704,599007201,3108830275,3324494224|76E|57E
1168625549|1482024992,1087426260,2209918983,4293542123|80E|67E
1180270692|3666208348,269888150,1685431615|81E|59E
1184309824|1467527085,689005463,2621346526,2173046394|78E|65E
1197771438|3525010810,2822142346,3300816228,4049631843|82E|60E
1216319404|1840239774,106909392,1774574192,3824105627|80P|72P
1218113510|1441682018,2822142346,923806249,2396489472|79E|61E
1246793994|1840239774,3142289711,776531651,2048641572|74E|67E
1248372789|839105230,3230963543,1428297954,2209918983|79E|64E
1289796511|1392496348,689005463,2450788523,691659142|77E|65E
1298815317|1392496348,3230963543,1866048759,2173046394|80E|66E
1311684613|1844523823,3492396210,3108830275,2209918983|81E|59E
1331824604|1482024992,3230963543,2387244414,1954620775|73E|67E
1366394399|839105230,3142289711,3400784728,3038247973|72E|61E
1403800851|202670084,106909392,968510818,3038247973|71E|67E
1447836603|1392496348,3177308360,4071163871,4290541820|81E|67E
1447836603|1840239774,3230963543,3700496672,243981275|84E|67E
1478986057|1047830412,791862061,2869569095,4293542123|78E|68E
1491665733|1392496348,3868766766,4293542123,3708227201|78E|65E
1505862304|1392496348,1968497646,776531651,2048641572|78E|67E
1509167284|1840239774,3230963543,691659142,4082225868|79E|65E
1526296434|202670084,1885400500,1570042021,124408337|82E|66E
1572896086|202670084,3142289711,280464955,124408337|81E|61E
1606497639|3525010810,2822142346,968510818,2048641572|77E|60E
1612781792|1300023272,791862061,3300816228,2360754333|76E|67E
1622998472|202670084,3142289711,3700496672,3038247973|78E|67E
1644680957|1840239774,2969185026,2779035018,1427256713|77E|68E
1679868061|1047830412,791862061,3161816588,2360754333|77E|67E
1719687748|1478423395,3492396210,1523832109,3194351027|81E|60E
1719687748|981914802,3492396210,1523832109,1439600632|82E|60E
1731355324|202670084,3230963543,247725512,776531651|77E|68E
1751893422|1392496348,3177308360,1168162263,3047969693|75E|66E
1769847435|202670084,3142289711,3400784728,2896038713|72E|67E
1788603939|1482024992,3230963543,3300816228,124408337|76E|63E
1801007332|3250034553,3230963543,2980589453,2298656195|80E|63E
1821724780|1047830412,791862061,3300816228,2360754333|81P|69E
1856262127|202670084,3230963543,3592538738,3523296417|75E|68E
1866778462|981914802,3796465595,3977735242,2284787283|79E|59E
1874424704|1840239774,2420895100,968510818,4293542123|71E|67E
1875512595|202670084,3142289711,706527188,3324494224|78E|68E
1911060537|202670084,689005463,3400784728,2896038713|83E|65E
1916287826|1482024992,3230963543,691659142,4082225868|77E|68E
1931556011|3433396027,2420895100,4267945040,3425386926|70E|61E
1946491241|3525010810,3032599245,3300816228,706527188|77E|60E
1959650777|981914802,3796465595,3977735242,2209918983|80E|59E
1968410628|1840239774,3230963543,3523296417,124408337|72E|61E
1973107014|1840239774,1561002382,2451262963,699525795|74E|71E
1982711279|1467527085,1431678320,1168162263,3038247973|70E|64E
1994645182|1392496348,1687452232,1428297954,2209918983|81E|66E
2009106091|852209214,1500996326,247725512,201365942|74E|62E
2026087437|3525010810,3032599245,3300816228,1546637391|78E|60E
2026755633|202670084,1885400500,3700496672,3891536761|79E|64E
2026755633|4090651448,1431678320,3700496672,243981275|78E|64E
2034215657|1482024992,3230963543,3619207468,4290541820|74E|69E
2060863616|3525010810,3301904089,3523296417,2396489472|79E|61E
2063217087|2801223209,3311977193,3938834702,3414324643|73E|61E
2065081837|839105230,1431678320,3400784728,2213355989|71E|67E
2073794990|839105230,1968497646,3436462433,1546637391,990298390|70E|67E
2097055732|1840239774,3230963543,1428297954,11612903|77E|67E
2099894368|839105230,3230963543,3700496672,3891536761|79E|66E
2119346509|202670084,679225683,1359896290,1890422124|77E|65E
2119346509|839105230,1968497646,3400784728,4293542123|80E|65E
2139640995|3666208348,599007201,2590710093,2396489472|79E|57E
2149683300|1840239774,1140096971,2779035018,2173046394|81E|66E
2194955522|1392496348,3177308360,2866798147,4293542123|78E|60E
2198166292|981914802,3230963543,3017780555,4293542123|82E|65E
2199554524|839105230,1968497646,3700496672,3891536761|79E|66E
2218569744|1840239774,3230963543,3700496672,3038247973|74E|62E
2228325504|1441682018,2985827016,968510818,3194351027|84E|59E
2233545123|839105230,106909392,1556840489,1771339417|71E|67E
2263839058|3250034553,3868766766,957782887,1600092898|76E|65E
2323544076|1840239774,2749775325,1048183818,776531651|82E|62E
2345794502|3250034553,1885400500,588594999,247725512|76E|65E
2350330520|1482024992,3230963543,3400784728,555281244|75E|67E
2448907086|3525010810,1996142143,3300816228,2396489472|81E|60E
2481758391|1840239774,1431678320,3643424744,3425386926|75E|66E
2488587246|1482024992,1968497646,744594675,1546637391|78E|65E
2490988246|1840239774,3230963543,3108830275,4293542123|83E|67E
2496242052|1478423395,3796465595,3300816228,2396489472|79E|63E
2496875173|1840239774,2420895100,1820235745,3108830275|76E|63E
2513965917|1784898267,3827198035,2846385770,124408337|72E|64E
2531963421|1467527085,2420895100,2779035018,957782887|76E|67E
2534546147|2713678205,1431678320,2209918983,3108830275|77E|59E
2588048270|445755711,1968497646,2779035018,3108830275|77E|65E
2595497736|5699512,3721627275,1631667848,3108830275|78E|61E
2638190703|1467527085,1885400500,3400784728,2896038713|74E|62E
2638190703|1482024992,1561002382,3108830275,2209918983|75E|62E
2673925403|4090651448,3177308360,1354429876,1771339417|71E|67E
2708806099|839105230,1885400500,1428297954,4293542123|78E|68E
2721157927|1844523823,2985827016,972757866,3592538738|79E|59E
2738601016|3525010810,3301904089,968510818,3194351027|82E|59E
2742838700|1926090093,1431678320,47981717,3425386926|74E|67E
2742838701|1926090093,1561002382,957782887,2846385770|74E|74P
2763843898|3250034553,106909392,3824105627,3891536761|80E|68E
2776503072|839105230,3230963543,3300816228,2848615171|71E|61E
2778013407|839105230,1885400500,2451262963,2896038713|76E|63E
2779821308|1392496348,3142289711,3700496672,2048641572|72E|61E
2782325300|3666208348,269888150,1749209109,1685431615|81E|59E
2782325300|3666208348,269888150,2726471870,1685431615|81E|59E
2782325302|3666208348,2349202967,1749209109,1546637391|76E|60E
2806569825|1467527085,1431678320,1523832109,3523296417|73E|67E
2817683783|1392496348,3177308360,1866048759,3592538738|75E|67E
2821430069|1840239774,3142289711,1428297954,1546637391|75E|70E
2821677368|1840239774,1087426260,1523832109,555281244|71E|67E
2827764482|1392496348,2680121939,3700496672,438098033|82E|60E
2850664015|1482024992,3230963543,968510818,2610012052|76E|68E
2883484461|1482024992,1087426260,744594675,3324494224|79E|67E
2883684343|1840239774,3142289711,3700496672,3891536761|76E|61E
2922749929|1441682018,3796465595,2869569095,1439600632|81E|60E
2978226043|594346985,679225683,3523296417,4293542123|77E|60E
2988121501|4090651448,3230963543,4071163871,1890422124|77E|68E
3016891299|839105230,3230963543,1570042021,831391274|75E|66E
3055790362|1392496348,1885400500,699525795,2846385770|75E|68E
3098328572|1840239774,679225683,776531651,2048641572|81E|66E
3103325054|1392496348,3230963543,2209918983,1546637391|82E|61E
3105930175|839105230,1561002382,11612903,3523296417|78E|60E
3107853529|202670084,3230963543,2866798147,2551157718|73E|67E
3125454907|3661387068,1483536627,3643424744,1427256713|79E|65E
3175851496|1478423395,1996142143,2010801679,11612903|79E|62E
3211624072|4090651448,1087426260,243981275,3891536761|82E|67E
3216652511|1047830412,791862061,1428297954,4082225868|75E|67E
3257091166|938542991,599007201,3108830275,354401740|78E|57E
3257091167|3666208348,599007201,1749209109,776531651|78E|57E
3276304504|1482024992,679225683,1820235745,4293542123|77E|65E
3337727085|1840239774,3230963543,3978468247,3038247973|74E|67E
3341893443|1840239774,3230963543,1820235745,11612903|81E|67E
3347946548|1392496348,689005463,972757866,1799762209|81E|65E
3371413057|3666208348,269888150,3108830275,2396489472|80E|62E
3371413059|938542991,2349202967,2726471870,1685431615|77E|57E
3381450498|981914802,3492396210,2859149211,3673922083|81E|66E
3388655311|852209214,3827198035,201365942,4290541820|77E|61E
3409645497|1482024992,106909392,2779035018,4104185692|74E|66E
3438139008|938542991,52780822,776531651,2048641572|80E|57E
3489657138|3525010810,1996142143,3300816228,3194351027|82E|60E
3556999246|202670084,1885400500,1820235745,3592538738|72E|61E
3559361670|839105230,1885400500,968510818,776531651|81E|66E
3568377122|3798852852,1771897777,951095735,3194351027|79E|59E
3568377122|3798852852,332133599,3523296417,2978966579|79E|59E
3593598010|13792279,1885400500,2779035018,3425386926|79P|66E
3605603507|1392496348,2420895100,1523832109,365154968|82E|60E
3612338554|3250034553,3142289711,3978468247,469285294|73E|67E
3615421669|839105230,689005463,124408337,2978966579|76E|65E
3616586446|839105230,791862061,3300816228,3523296417|79E|68E
3635821806|1840239774,3230963543,671806388,2173046394|76E|66E
3652506829|1840239774,2969185026,2284787283,1771339417|79E|66E
3668817296|436053704,52780822,3108830275,2396489472|77E|57E
3682803680|202670084,3142289711,1570042021,1015611457|78E|66E
3685470415|202670084,3142289711,3700496672,124408337|77E|63E
3710082365|2801223209,3429800428,776531651,4290541820|74E|61E
3723679465|202670084,1968497646,1428297954,2173046394|75E|67E
3740842661|3525010810,2985827016,3300816228,3523296417|81E|60E
3849810018|3525010810,2822142346,3300816228,1546637391|81E|61E
3865728990|1392496348,3177308360,1556840489,957782887|76E|67E
3890055324|202670084,3230963543,1168162263,3324494224|75E|67E
3920310144|1392496348,3177308360,968510818,3751912585|71E|67E
3926811686|1467527085,3142289711,3700496672,243981275|83E|70E
3947966653|3809316345,3230963543,880644845,2109543898|81E|65E
3998080529|1840239774,3230963543,3017780555,4293542123|82E|65E
4039572196|202670084,1885400500,1428297954,831391274|79E|65E
4066778670|3666208348,3625355092,3108830275,2396489472|78E|57E
4067556514|1392496348,3177308360,3643424744,706527188|74E|68E
4070357005|1840239774,1140096971,1523832109,4082225868|75E|63E
4096943616|3525010810,2822142346,3300816228,4104185692|77E|63E
4132072834|1392496348,1431678320,3592538738,1870851715|71E|67E
4149758318|445755710,1885400500,247725512,460017080|77E|66E
4153087276|1840239774,2969185026,3643424744,2319119708|79E|60E
4169225313|1332244541,791862061,1821614984,47981717|74E|67E
4176873718|4090651448,1968497646,1955165503,124408337|75E|63E
4184808992|3250034553,3142289711,2450788523,1546637391|72E|67E
4195186942|1478423395,1996142143,3300816228,3194351027|80E|59E
4207120603|938542991,2349202967,243981275,2396489472|81E|57E
4225322581|1047830412,791862061,1820235745,3523296417|78E|68E
4248569242|1840239774,106909392,1523832109,469285294|81E|68E
4255586669|3798852852,3032599245,3300816228,3523296417|78E|60E
